255 255 255
239   0   0
  0 222  74
255 255   0
 74 123 231
148   0 165
  8 247 239
  0   0   0
181 206 206
255 165  90
173 255 173
255 231 148
239 239 239
206 206 206
173 173 173
123 123 123
 90  90  90
 49  99 140
140  99 140
255 247 148
255 231 231
239 214 214
206 181 181
140 123 123
 66 140 115
255 132 115
140  33  33
140  99  16
255 255 206
239 231 189
206 206 165
140 140 107

255 255 255
250 250 250
247 247 247
239 239 239
231 231 231
225 225 225
221 221 221
214 214 214
206 206 206
198 198 198
194 194 194
189 189 189
181 181 181
173 173 173
165 165 165
156 156 156
151 151 151
146 146 146
140 140 140
132 132 132
127 127 127
122 122 122
115 115 115
107 107 107
 99  99  99
 94  94  94
 90  90  90
 82  82  82
 74  74  74
 66  66  66
 61  61  61
 57  57  57

 49  49  49
 42  42  42
 37  37  37
 32  32  32
 27  27  27
 21  21  21
 15  15  15
 10  10  10
  5   5   5
255   0   0
231   0   0
206   0   0
181   0   0
156   0   0
123   0   0
 99   0   0
 74   0   0
 49   0   0
 24   0   0
  0 255   0
  0 231   0
  0 206   0
  0 181   0
  0 156   0
  0 123   0
  0  99   0
  0  74   0
  0  49   0
  0  24   0
255 255   0
231 231   0
206 206   0

181 181   0
156 156   0
123 123   0
 99  99   0
 74  74   0
 49  49   0
 24  24   0
  0   0 255
  0   0 231
  0   0 206
  0   0 181
  0   0 156
  0   0 123
  0   0  99
  0   0  74
  0   0  49
  0   0  24
255   0 255
231   0 231
206   0 206
181   0 181
156   0 156
123   0 123
 99   0  99
 74   0  74
 49   0  49
 24   0  24
  0 255 255
  0 231 231
  0 206 206
  0 181 181
  0 156 156

  0 123 123
  0  99  99
  0  74  74
  0  49  49
  0  24  24
206 231 231
181 206 206
156 181 181
132 156 156
 99 132 123
 74  99  99
 49  74  74
 24  49  49
  0  24  24
255 165  90
231 140  57
206 107  33
181  82   8
173 255 173
148 231 148
115 206 115
 90 181  90
 66 156  66
 41 123  41
 16  99  16
255 231 148
231 206 123
206 173  90
181 148  66
156 123  41
123  99  16
156 206 247

132 181 222
107 148 189
 74 123 165
 49  99 140
 24  74 115
  0  49  90
247 206 247
222 181 214
198 156 189
165 123 165
140  99 140
115  74 115
 90  49  90
 66  24  57
255 247 148
231 222 123
206 198  90
181 165  66
156 140  41
123 115  16
239 214 214
214 189 181
189 165 156
156 140 132
132 107 107
107  82  82
 82  57  49
 57  33  24
 33   8   0
173 247 214
148 222 189
123 189 165

 90 165 140
 66 140 115
 41 115  82
 16  90  57
255 132 115
222  99  90
198  74  57
173  49  33
148  24   8
247 140 140
222 115 115
189  82  82
165  57  57
140  33  33
247 206 123
222 181  99
198 156  74
165 132  41
140  99  16
255 255 206
231 222 181
206 198 156
181 173 123
156 148  99
123 123  74
 99  99  49
 74  66  24

 99 121 148